1651 2 3fb95c 1 1
2249
2249
2249
2249
2249
2249
2249
2249
2249
2249
2249
2249
2249
2249
2249
2249
2249
2249
2249
2249
2249
2249
2249
2249
2249
2249
2249
2249
2249
2249
2249
2249
2249
2249
2249
2249
2249
2249
2249
2249
2249
2249
2249
2249
2249
2249
2249
2249
2249
2249
2249
2249
2249
2249
2249
2249
2249
2249
2249
2249
2249
2249
2249
2249
2249
2249
2249
2249
2249
2249
2249
2249
2249
2249
2249
2249
2249
2249
2249
2249
2249
2249
2249
2249
2249
2249
2249
2249
2249
2249
2249
2249
2249
2249
2249
2249
2249
2249
2249
2249
2249
2249
2249
2249
2249
2249
2249
2249
2249
2249
2249
2249
2249
2249
2249
2249
2249
2249
2249
2249
729
728
729
731
734
727
729
732
732
726
732
720
724
737
734
726
727
732
720
731
732
727
732
732
729
722
732
734
732
732
734
731
728
731
646
761
761
827
683
616
655
810
651
814
624
729
594
730
499
556
639
591
557
474
562
13
133
1018
292
488
322
49
10
1163
991
89
563
88
487
239
223
10
1363
151
613
10
10
963
1836
790
607
741
764
617
780
116
241
488
10
10
1627
1746
131
10
504
309
10
10
1041
1121
206
649
448
10
10
10
840
2039
602
646
483
10
10
2249
2249
10
1187
905
10
10
10
2249
2249
10
2249
1378
10
10
1650
1446
347
10
2035
10
10
1833
1939
10
2249
2130
10
10
347
2249
543
10
2031
160
10
697
2249
10
2249
2249
10
10
1639
2249
806
10
10
1065
1973
765
10
1371
160
10
10
2249
2249
10
1201
1195
10
2249
2249
618
631
675
638
723
721
719
729
722
724
726
724
726
716
726
724
724
716
719
726
729
728
726
726
721
728
724
728
723
728
726
717
724
729
724
728
727
726
724
724
717
724
727
721
728
727
724
724
724
723
722
714
726
726
721
722
724
714
726
724
729
717
726
728
722
719
726
722
719
731
724
726
729
724
722
726
726
724
732
726
716
724
721
720
727
724
720
727
726
724
726
722
722
729
726
722
719
724
725
719
726
724
731
727
729
727
726
716
726
719
721
721
719
718
719
722
716
718
721
721
726
717
721
717
721
716
719
721
721
719
719
721
723
719
717
726
721
719
721
726
719
719
724
719
719
719
717
721
722
721
721
715
722
714
714
724
721
719
722
717
